"V1","V2","V3","V4","V5","V6","V7","V8"
0,0.463181917844682,0.452759776252636,0.463366584696722,0.525273052555017,0.186662817711486,0.0694524149039561,0.306486696758417
0.463181917844682,0,0.678745886770628,0.861235536662565,0.755546465163093,0.336013399280856,0.149768454022117,0.438804905672588
0.452759776252636,0.678745886770628,0,0.671176593961103,0.63880806526145,0.227867727596176,0.127167724934803,0.373675795462415
0.463366584696722,0.861235536662565,0.671176593961103,0,0.808934897003682,0.311915647488468,0.150435531777257,0.502175604660349
0.525273052555017,0.755546465163093,0.63880806526145,0.808934897003682,0,0.265236512981846,0.150605729586513,0.363379199826533
0.186662817711486,0.336013399280856,0.227867727596176,0.311915647488468,0.265236512981846,0,0.0764174721688429,0.171485329877306
0.0694524149039561,0.149768454022117,0.127167724934803,0.150435531777257,0.150605729586513,0.0764174721688429,0,0.0916319517381789
0.306486696758417,0.438804905672588,0.373675795462415,0.502175604660349,0.363379199826533,0.171485329877306,0.0916319517381789,0
